class ten:

01767115684,01722235797,01705318688,01756281457,01791272515,01761411326,01794096642,01714844817,01762887127,01721545402,01710455948,01996255798,01783159729,01752019110,01780432491,01734280370,01713718614,01755125969,01984781703,01867724340,01767488035,01933527811,01923326003,,01798052395,01727929850,01761549692,01718831636,01726863499,01718340421,01712296148,01754914175,01780952992,01734601524,01799392729,01745671029,01764749069,01726626773,01955712871,01932367569,01925266357,01727358303,01718329438,01720543232,01745434058,01732157962,01738331008,01738646089,01761098005,01959512757,01736730190,01705447030,01740364761,01756277244,01780897719,01720178997,01792811325,01705447920,01798430723,01748192654,,01742069093,01730824478,01704680584,01734754251,01718964115,01732443169,01736002269,01785098081,01751488533,01770891898,01747675167,01718964115,01741843918,01723659312,01750982651,01762753510,01780702756,01713264800,01790743156,


01763106481,01992560784,01705447129,01722376172,01783119634,01714678588,01796026011,01734754277,01794847280,01788017818,01738651251,01827199323,01790747639,01744246551,01984781703,01964299891,01723763076,01717657833,01722105531,01971295363,01752668375,01737522385,01737007104,01793443595,01760485039,01993367956,01636501089,01796917780,01939293942,01943436665,01755426590,01904190189,01999670017,01744245808,01764357385,01742069047,01742166119,01728129021,01644054143,01705447166,01917695342,01796826166,01788278931,01741379718,01751616963,01779896885,01751261612,01782610645,01723026794,01745365978,01902825597,01848251835,01909639909,01729816132,01912254218,01793490302,01750695930,01741320365,01767842913,01763893839,01731839060,01721140135,01911007692,01733635059,01754160457,01923320125,01834561622,01725091421,01722398517,01723854495,01783120459,01764916223,01765332533,01728096100,01714706522

class six:

01750595834,01736678557,01785088293,01718938136,01987655078,01983966465,01748051323,01705447105,01792310141,01736552948,01725041172,01748459351,01742074290,01908034855,01728186795,01902825422,01960168445,01706485497,01744151998,01720855980,01738190825,01992999042,01750923589,01756309652,01746294691,01983835788,01740223156,01736333622,01936142216,01774326272,01727074808,,01982145433,01714608293,01735693874,01732505267,01869081210,01987707909,01711039285,01960857879,01956391733,01717277698,01853210015,01908751170,01907827583,01734390612,01722576770,01773559740,01907444473,01737992958,01736599541,01776885236,01719128952,01902069812,01733144495,01763176933,01993918101,01712947948,01727852816,01994640150,01745277572,01931761816,01761082655,01799346449,01713706026,01725977465,01754428424,01755426555,01704242461,01703188038,01721214296,01796026011,01752181246,01713788853,01780437210,01723965490,01745914568,01750379589,01965700178,01714233921,01955200499

,01734994241,01922338430,01788711637,01791970494,01776041926,01997167056,01721214295,01719426183,01783200758,01934192153,01934607102,01959516810,01773041925,01746904986,01987648632,01956392353,01787595301,01723945987,01943274622,01745155452,01984648676,01902615685,01750762898,01999831106,01954746689,01788183621,01721126022,01957593241,01742319394,01738009276,01723243786,01774714101,01930329987,,01910247642,01742069274,01751851802,01788068307,,01759549004,01736025296,01780104812,01720481920,,01954588553,01770737725,01934195803,01703792923,01738535048,01953293798,01708661748,01770724701,01716053838,01762896611,01869824921,01910351885,01905359078,01789135125,01723578406,01749965651,01780648063,01925273544,01755392559,01779362391,01936098628,01999516275,01964459766,01734766620,01738282120,01930132296,01743773832,01992999029,01773369268,01755426295,01705173586,01991593157,01728316019,,01950863460,01731782073,01758669549,01903145235,01765473162,

01950963249,01994999046,01783049031,01776890558,01755392622,01765226884,01950787893,,01721442990,01773823616,01959142358,01740011684,01904286224,01933514181,01781105725,01706830882,01710905776,01908751174,01774128368,01913838116,01985779388,01721714266,01997167059,01912422000,01750425080,01984830753,01985394694,01947859128,01916494469,01796872533,01788951040,01703663040,01762753513,01737015554,01767351339,01760977731,01997579378,01764721419,01982152344,01745365877,01959512661,01722232424,01731982527,01980165260,01778967228,01705853205,01729844669,01925448511,01711415885,01750483202,01751253317,01774166112,01722763160,01732738107,01799642910,01722576939,01780530794,01941277581,01758099617,01719509504,01740627005,01714750928,01719322381,01745182570,01748110347,01736522238,01797167056,01725381171,01724424000,01797652981,01796026010,01744390637,01929411162,01928368988,01735664491,01926102480,01740545689,01935079860,01705963036,01738014272,01721213934,01735075411,01711571561

class seven:

01705447951,01909276718,01726118441,01799188727,01956391733,01719343590,01726118445,01714512563,01773041949,01714222383,01739120035,01710863101,01741641457,01938235305,01710413702,01739987912,01754160492,01936418631,01723353104,01725445554,01785318264,01736354310,01740550574,01716005501,01949692113,01734679366,01774165374,01926128425,01715649502,01739704663,01714608558,01712467707,01779017208,01704250591,01779299454,01992390344,01722830884,01726163816,01754161485,01926639133,01993379694,01731742574,01715126783,01983824624,01705447157,01783010824,01780581091,01729562608,01768456833,01917220870,01999672686,01933291164,01760434581,01741320305,01904285535,01751219661,01780702833,01960864653,01953293796,01730683051,01987667479,01761722335,01963184510,01762388174,01923208340,01744433111,01965816478,01714924507,01713484647,01947702643,01722444675,01744246323,01719510217,01758630510,

01768460296,01724449758,01818134308,01947608702,01740945337,01773041935,01735222271,01719845546,01840140332,01937582174,01734879888,01770939508,01860011352,01766174969,01790169256,01968206363,01768908710,01768028381,01724105671,01956392353,01936417787,01732157141,01717678286,01741320788,01718643367,01757810783,01765524629,01919661030,01931223442,01751851825,01741209715,01762753510,01966166852,01966192226,01787223784,01726083638,01993646704,01751619599,01741746252,01909772073,01725577829,01705173586,01764715707,01775991475,01743918502,01992390627,01980785859,01797777037,01756272805,01720618525,01750463776,01720610593,01782904006,01750773217,01723159749,01759032935,01722764647,01744749314,01781054251,01784761284,

01781050506,01995296129,01710585822,01775609017,01705446942,01875975864,01749473505,01733729549,01752662722,01773336896,01788992596,01741306430,01768395862,01794995256,
01770737727,01742654288,01750956119,01750402976,01750797923,01750465293,01738302773,01732953455,01788105392,01762795832,01954746641,01796873918,
01993572986,

01782374069,01731548950,01758748336,01717273597,01791970207,01721105053,01742720729,01750957626,01788064706,01774128407,01755319118,01734390613,01770991890,01766535098,01708020006,01789557384,01793443847,01987648620,01716466040,01941176291,01998338753,01956937359,01924016773,01750906530,01947608722,01755786914,01999831060,01736599446,01780952987,01903596388,01750957626,01724552595,01719186880,01796891551,01755319118,01742490531,01937327349,01788064706,01772891784,01746496666

class nine:

01723359129,01769936484,01980401319,01796729780,01796814389,01734280496,01738015059,01714677253,01734879893,01744781925,01765754266,01774469102,01790900191,01718853840,01774244661,01788074754,01949829787,01746106080,01710906787,01744474357,01906871710,01738720270,01767305828,01725823656,01740972379,01789443684,01935872242,01793944142,01713789224,01768297362,01717660879,01750128406,01705446801,01904286229,01916680395,01945984999,01791215277,01732278367,01736599613,01761722758,01757256625,01796651212,01908035248,01774474872,01737285424,01736025296,01780560173,01768624000,01764922590,01730683051,,01741453719,01752197961,01936882374,01723998678,01839836860,01761680263,01741682235,01762047318,01760257750,01710305418,01949264652,01722403652,01988820840,01773118680,01796026008,01705448065,01739684282,01995840358,01738015283,01773408350,01773408350,01980786149,01776883584,01935668236,01788017559,01781107668,01995840358,01741301199,01755230049,01726058164

01997889626,01740221471,01736443255,01778164615,01788064194,01718936192,01797637070,01788642216,01783201564,01725448192,01707487681,01935808021,01739041449,01737902579,01793031919,01754995443,01741010821,,01913426757,01780881487,01751153057,,01734062671,01773335503,01723965490,01733723332,01716817907,01743018548,01987823579,01772912855,01705447190,01982377405,01753999324,01934984279,01770183250,01740129620,01747681776,01755290100,01998567006,01746299952,01827979495,01992286000,01791028379,01965659790,,,,01793127483,01903302587,01790731679,01748364028,01967162934,01953868205,01749706409,,01740128788,01791513912,01738797145,01740440291,01705447780,,01786786077,01757005653,01998031804,01751488533,01740299478,01763176464,01933109896,01904286058,01903081893,01989757724,01751619584,01795977290,01992645239,01918652449,01739213087,01705447191,01993690003,01705447137,01719206358,01741546820,01943376275,01732898204,01761977472,01999672337,01910252561,01723980428